0.664116 0.796182 1
0.431476 0.823025 1
0.57588 0.813418 1
0.109289 0.815533 1
0.657761 0.996107 1
0.571522 0.564972 1
0.484028 0.0625194 0
0.764165 0.32646 0
0.820268 0.251522 0
0.33002 0.651163 1
0.0981765 0.0518464 1
0.382639 0.017702 0
0.517181 0.264917 1
0.464517 0.132482 0
0.626026 0.626976 1
0.583589 0.377575 1
0.90981 0.182329 0
0.410681 0.311665 1
0.145407 0.859506 1
0.712728 0.825681 1
0.215823 0.339437 1
0.923156 0.475546 1
0.500539 0.556616 1
0.0419059 0.311804 1
0.492786 0.251379 1
0.928225 0.677049 1
0.158875 0.206111 1
0.108986 0.727806 1
0.230134 0.866281 1
0.587012 0.903111 1
0.590976 0.533634 1
0.783347 0.715436 1
0.33594 0.138498 0
0.731948 0.853789 1
0.633425 0.979445 1
0.529457 0.581848 1
0.11878 0.335753 1
0.996962 0.937636 1
0.855039 0.635871 1
0.0792786 0.436228 1
0.684721 0.10597 0
0.0412643 0.52976 1
0.669724 0.0456252 0
0.82208 0.695824 1
0.722075 0.908315 1
0.0586041 0.958526 1
0.953884 0.928215 1
0.505534 0.508247 1
0.115475 0.791345 1
0.133798 0.739566 1
0.883517 0.266741 0
0.122377 0.796161 1
0.0856056 0.773553 1
0.109876 0.688137 1
0.526766 0.352211 1
0.615037 0.927675 1
0.425459 0.681822 1
0.376718 0.494789 1
0.912625 0.48118 1
0.190231 0.210878 1
0.22529 0.44522 1
0.810323 0.0928438 0
0.42497 0.471225 1
0.872403 0.484906 1
0.811124 0.569014 1
0.421609 0.986275 1
0.324012 0.661635 1
0.101349 0.364362 1
0.825532 0.71241 1
0.478682 0.20435 0
0.516498 0.777075 1
0.300644 0.927562 1
0.533684 0.630747 1
0.969447 0.5022 1
0.481532 0.104579 0
0.659689 0.389246 1
0.0566638 0.347799 1
0.455156 0.80622 1
0.143438 0.769812 1
0.232904 0.413573 1
0.924304 0.77884 1
0.95734 0.0143065 0
0.449238 0.335149 1
0.84519 0.115729 0
0.0570918 0.54215 1
0.909218 0.220621 0
0.983958 0.388967 0
0.37014 0.941805 1
0.920962 0.603423 1
0.728469 0.381529 1
0.352179 0.0747358 0
0.0849323 0.456435 1
0.311314 0.257716 1
0.428401 0.1405 0
0.376586 0.283558 1
0.752114 0.775868 1
0.0165578 0.286688 1
0.372621 0.647533 1
0.0886775 0.403524 1
0.0329225 0.328259 1
0.0483049 0.859877 1
0.945304 0.732495 1
0.0477851 0.123895 1
0.309272 0.937333 1
0.762929 0.547082 1
0.810472 0.607644 1
0.673207 0.595774 1
0.167394 0.3847 1
0.652712 0.133275 0
0.947892 0.224584 0
0.584107 0.0831825 0
0.0476869 0.473236 1
0.674375 0.218829 0
0.863605 0.60904 1
0.128484 0.427638 1
0.315773 0.190819 1
0.0887107 0.961537 1
0.545679 0.232126 0
0.344061 0.631137 1
0.51633 0.966587 1
0.423233 0.278335 1
0.97806 0.251956 0
0.630841 0.545295 1
0.767381 0.368761 0
0.767292 0.875709 1
0.0403723 0.537183 1
0.437405 0.465768 1
0.155511 0.670243 1
0.775744 0.936309 1
0.5426 0.477982 1
0.442468 0.556973 1
0.0517983 0.573933 1
0.0865154 0.0636335 1
0.488135 0.0931077 0
0.8608 0.458788 1
0.856917 0.206677 0
0.625945 0.256641 0
0.369187 0.930502 1
0.940912 0.901196 1
0.408828 0.175722 0
